V(0.25,100): 2.09217
loops: 11583
took 156 ms

              0     0.00016802   3.37008e-005    0.000178073   2.90317e-005    0.000180454   2.04226e-005    0.000181047   1.04549e-005    0.000181147
              0    0.000350182   7.02382e-005    0.000371133   6.05069e-005    0.000376096   4.25642e-005    0.000377332   2.17898e-005     0.00037754
              0    0.000547816    0.000109879    0.000580592   9.46554e-005    0.000588355   6.65863e-005    0.000590289   3.40873e-005    0.000590614
              0    0.000762376    0.000152914    0.000807989    0.000131729    0.000818792   9.26658e-005    0.000821484   4.74381e-005    0.000821937
              0    0.000995451    0.000199664     0.00105501    0.000172001     0.00106911    0.000120996     0.00107263    6.1941e-005     0.00107322
              0     0.00124878    0.000250475     0.00132349    0.000215773     0.00134119    0.000151787      0.0013456   7.77041e-005     0.00134634
              0     0.00152426     0.00030573     0.00161545    0.000263372     0.00163705    0.000185272     0.00164244   9.48455e-005     0.00164334
              0     0.00182396    0.000365843     0.00193309    0.000315157     0.00195894      0.0002217     0.00196538    0.000113494     0.00196646
              0     0.00215016    0.000431272     0.00227881     0.00037152     0.00230928     0.00026135     0.00231687    0.000133792     0.00231815
              0     0.00250534    0.000502512     0.00265523     0.00043289     0.00269074    0.000304521     0.00269958    0.000155893     0.00270107
              0      0.0028922    0.000580107     0.00306524    0.000499735     0.00310623    0.000351544     0.00311644    0.000179965     0.00311816
              0     0.00331371    0.000664652     0.00351197    0.000572566     0.00355893    0.000402778     0.00357063    0.000206193      0.0035726
              0     0.00377311    0.000756796     0.00399886    0.000651944     0.00405232    0.000458617     0.00406565    0.000234778     0.00406789
              0     0.00427394     0.00085725     0.00452965     0.00073848     0.00459021    0.000519492      0.0046053    0.000265942     0.00460784
              0     0.00482006    0.000966789     0.00510844    0.000832843     0.00517675    0.000585872     0.00519377    0.000299924     0.00519663
              0     0.00541571     0.00108626     0.00573973    0.000935764     0.00581648    0.000658273      0.0058356    0.000336988     0.00583881
              0     0.00606551      0.0012166     0.00642841     0.00104804     0.00651436    0.000737255     0.00653578    0.000377421     0.00653938
              0     0.00677451     0.00135881     0.00717983     0.00117055     0.00727583    0.000823434     0.00729975    0.000421538     0.00730378
              0     0.00754825       0.001514     0.00799986     0.00130424     0.00810682     0.00091748     0.00813348    0.000469683     0.00813796
              0     0.00839275     0.00168339     0.00889489     0.00145016     0.00901382     0.00102013     0.00904345    0.000522231     0.00904844
              0     0.00931462     0.00186829     0.00987191     0.00160944      0.0100039     0.00113218      0.0100368    0.000579594      0.0100423
              0      0.0103211     0.00207016      0.0109386     0.00178335      0.0110848     0.00125451      0.0111213     0.00064222      0.0111274
              0        0.01142     0.00229058      0.0121033     0.00197323      0.0122651     0.00138809      0.0123054    0.000710599      0.0123122
              0        0.01262     0.00253128      0.0133751     0.00218058      0.0135539     0.00153395      0.0135985     0.00078527       0.013606
              0      0.0139306     0.00279414       0.014764     0.00240702      0.0149614     0.00169324      0.0150106    0.000866817      0.0150189
              0      0.0153619     0.00308124       0.016281     0.00265434      0.0164987     0.00186722       0.016553    0.000955882      0.0165621
              0      0.0169254     0.00339483       0.017938     0.00292448      0.0181779     0.00205726      0.0182376     0.00105317      0.0182477
              0      0.0186332     0.00373738       0.019748     0.00321957      0.0200121     0.00226484      0.0200779     0.00115943      0.0200889
              0      0.0204989     0.00411159      0.0217253     0.00354194      0.0220158     0.00249161      0.0220882     0.00127552      0.0221004
              0      0.0225371     0.00452041      0.0238855     0.00389412      0.0242049     0.00273936      0.0242845     0.00140235      0.0242978
              0       0.024764     0.00496707      0.0262456     0.00427889      0.0265966     0.00301003       0.026684     0.00154092      0.0266987
              0      0.0271971     0.00545508      0.0288243      0.0046993      0.0292097     0.00330577      0.0293057     0.00169231      0.0293219
              0      0.0298556     0.00598832      0.0316418     0.00515865      0.0320649     0.00362891      0.0321703     0.00185774      0.0321881
              0      0.0327605     0.00657098      0.0347206     0.00566058      0.0351848       0.003982      0.0353005     0.00203849      0.0353199
              0      0.0359348     0.00720766      0.0380848     0.00620906       0.038594     0.00436783      0.0387209     0.00223601      0.0387422
              0      0.0394036     0.00790342      0.0417611     0.00680842      0.0423195     0.00478946      0.0424586     0.00245185       0.042482
              0      0.0431942     0.00866374      0.0457786      0.0074634      0.0463907     0.00525021      0.0465432     0.00268772      0.0465688
              0      0.0473368     0.00949463       0.050169     0.00817918      0.0508398     0.00575373      0.0510069     0.00294549       0.051035
              0       0.051864      0.0104027       0.054967     0.00896142       0.055702     0.00630401      0.0558851     0.00322719      0.0559159
              0      0.0568117      0.0113951      0.0602108     0.00981632      0.0610158      0.0069054      0.0612164     0.00353506      0.0612502
              0      0.0622191      0.0124797      0.0659416      0.0107506      0.0668233     0.00756265       0.067043     0.00387153        0.06708
              0      0.0681289       0.013665       0.072205      0.0117718      0.0731705     0.00828098       0.073411     0.00423926      0.0734515
              0       0.074588      0.0149606      0.0790506      0.0128878      0.0801075     0.00906608      0.0803709     0.00464117      0.0804152
              0      0.0816475      0.0163765      0.0865324      0.0141076      0.0876894     0.00992415      0.0879777     0.00508044      0.0880262
              0      0.0893633      0.0179241      0.0947099      0.0154408      0.0959762       0.010862      0.0962918     0.00556055      0.0963448
              0      0.0977966      0.0196157       0.103648       0.016898       0.105034      0.0118871       0.105379      0.0060853       0.105437
              0       0.107014      0.0214645       0.113417      0.0184906       0.114933      0.0130074       0.115311     0.00665886       0.115375
              0       0.117089      0.0234853       0.124094      0.0202314       0.125754       0.014232       0.126167     0.00728575       0.126237
              0       0.128101       0.025694       0.135765      0.0221342       0.137581      0.0155705       0.138033     0.00797097       0.138109
              0       0.140137      0.0281082       0.148522      0.0242139       0.150508      0.0170335       0.151002     0.00871992       0.151086
              0       0.153294       0.030747       0.162465      0.0264871       0.164637      0.0186327       0.165179     0.00953855        0.16527
              0       0.167674      0.0336314       0.177706      0.0289719       0.180082      0.0203806       0.180674      0.0104334       0.180774
              0       0.183392      0.0367841       0.194365      0.0316878       0.196964      0.0222911       0.197611      0.0114114        0.19772
              0       0.200573      0.0402303       0.212574      0.0346565       0.215416      0.0243795       0.216124      0.0124805       0.216243
              0       0.219353      0.0439971       0.232477      0.0379014       0.235586      0.0266621        0.23636      0.0136491       0.236491
              0       0.239881      0.0481145       0.254233      0.0414483       0.257633      0.0291573        0.25848      0.0149264       0.258622
              0        0.26232      0.0526151       0.278014      0.0453254       0.281732      0.0318846       0.282658      0.0163226       0.282813
              0       0.286846      0.0575346       0.304008      0.0495633       0.308073      0.0348658       0.309086      0.0178488       0.309256
              0       0.313656       0.062912       0.332422      0.0541957       0.336867      0.0381245       0.337975       0.019517       0.338161
              0       0.342962      0.0687899       0.363481      0.0592593       0.368341      0.0416866       0.369552      0.0213405       0.369756
              0       0.374995       0.075215       0.397431      0.0647942       0.402745      0.0455802       0.404069      0.0233337       0.404291
              0        0.41001      0.0822382       0.434541      0.0708443       0.440351      0.0498362       0.441799      0.0255125       0.442042
              0       0.448285      0.0899152       0.475105      0.0774577       0.481458      0.0544884       0.483041      0.0278941       0.483307
              0       0.490122      0.0983069       0.519446      0.0846867       0.526392      0.0595738       0.528122      0.0304974       0.528413
              0       0.535855        0.10748       0.567915      0.0925888       0.575509      0.0651326       0.577401      0.0333431       0.577719
              0       0.585846       0.117507       0.620897       0.101226       0.629199      0.0712088       0.631267      0.0364537       0.631615
              0        0.64049       0.128467       0.678811       0.110668       0.687887      0.0778508       0.690148      0.0398539       0.690529
              0       0.700222       0.140448       0.742116       0.120989       0.752039      0.0851111       0.754511      0.0435707       0.754927
              0       0.765515       0.153544       0.811316       0.132271       0.822164      0.0930474       0.824867      0.0476335       0.825321
              0       0.836887        0.16786       0.886958       0.144603       0.898818       0.101723       0.901772      0.0520746       0.902269
              0       0.914905       0.183508       0.969643       0.158084       0.982608       0.111206       0.985839      0.0569291       0.986382
              0        1.00019       0.200613        1.06003       0.172819         1.0742       0.121571        1.07773      0.0622356        1.07833
              0        1.09341       0.219311        1.15883       0.188926        1.17432       0.132902        1.17818      0.0680362        1.17883
              0        1.19531        0.23975        1.26682       0.206534        1.28376       0.145288        1.28798      0.0743769        1.28869
              0         1.3067       0.262092        1.38488        0.22578        1.40339       0.158827        1.40801       0.081308        1.40878
              0        1.42846       0.286514        1.51392       0.246819        1.53416       0.173627        1.53921      0.0888844        1.54006
              0        1.56155        0.31321        1.65498       0.269816        1.67711       0.189805        1.68262      0.0971663        1.68355
              0        1.70704       0.342392        1.80918       0.294955        1.83337       0.207489        1.83939       0.106219        1.84041
              0        1.86608       0.374291        1.97773       0.322434        2.00417        0.22682        2.01076       0.116115        2.01187
              0        2.03992        0.40916        2.16197       0.352472        2.19088        0.24795        2.19808       0.126932        2.19929
              0        2.22996       0.447276        2.36337       0.385307        2.39498       0.271048        2.40285       0.138757        2.40417
              0        2.43768       0.488941        2.58353         0.4212        2.61807       0.296297        2.62668       0.151683        2.62813
              0        2.66475       0.534485        2.82418       0.460434        2.86194       0.323897        2.87135       0.165812        2.87293
              0        2.91296        0.58427        3.08724       0.503321        3.12852       0.354067        3.13881       0.181256        3.14054
              0        3.18428       0.638691         3.3748       0.550202        3.41992       0.387046        3.43117       0.198139        3.43306
              0        3.48087       0.698179        3.68913       0.601449        3.73846       0.423095        3.75075       0.216594        3.75281
              0        3.80507       0.763207        4.03273       0.657467        4.08665       0.462502        4.10009       0.236767        4.10234
              0        4.15946       0.834289        4.40832         0.7187        4.46727       0.505578        4.48195       0.258819        4.48442
              0        4.54685        0.91199        4.81889       0.785636        4.88332       0.552664        4.89938       0.282924        4.90208
              0        4.97031       0.996926        5.26768       0.858805        5.33812       0.604135        5.35567       0.309273        5.35862
              0         5.4332        1.08977        5.75827       0.938786        5.83526       0.660399        5.85445       0.338076        5.85767
              0        5.93919        1.19126        6.29454        1.02621         6.3787       0.721902        6.39967       0.369561         6.4032
              0         6.4923         1.3022        6.88074        1.12178        6.97274       0.789132        6.99566       0.403978        6.99952
              0        7.09691        1.42347        7.52152        1.22625        7.62209       0.862621        7.64715       0.441599        7.65136
              0        7.75782        1.55603        8.22197        1.34045        8.33191       0.942954         8.3593       0.482723         8.3639
              0        8.48027        1.70094        8.98765        1.46528        9.10782        1.03077        9.13776       0.527677         9.1428
              0        9.26999        1.85934        9.82462        1.60173        9.95598        1.12676        9.98871       0.576817        9.99421
              0        10.1332        2.03249        10.7395        1.75089        10.8831        1.23168        10.9189       0.630532        10.9249
              0        11.0769        2.22176        11.7396        1.91394        11.8966        1.34638        11.9357       0.689249        11.9423
              0        12.1084        2.42865        12.8328        2.09217        13.0044        1.47176        13.0472       0.753434        13.0544
              1        13.2359        2.65481        14.0279          2.287        14.2154        1.60881        14.2621       0.823595          14.27
              2        14.5547        2.94328         15.315        2.50974        15.5038        1.76106        15.5494       0.900699         15.556
              3        16.0446        3.29783        16.6996        2.76296        16.8736        1.92983         16.912       0.985321        16.9151
              4        17.6875         3.7188        18.1856        3.04866        18.3281        2.11628        18.3531        1.07798        18.3503
              5        19.4674        4.20388        19.7757        3.36812        19.8706        2.32133        19.8754        1.17911        19.8643
              6        21.3704        4.74895        21.4712        3.72197        21.5036        2.54565        21.4818        1.28908        21.4595
              7        23.3847        5.34864        23.2725        4.11008        23.2294        2.78964        23.1744        1.40812        23.1384
              8        25.5003        5.99693        25.1788        4.53172        25.0496        3.05343        24.9555        1.53638        24.9032
              9        27.7091        6.68749        27.1885        4.98555        26.9654        3.33685        26.8267        1.67389        26.7558
             10        30.0046        7.41405        29.2998        5.46973        28.9774        3.63943        28.7896        1.82056        28.6979
             11        32.3818        8.17063        31.5102        5.98202        31.0858         3.9605        30.8454        1.97619        30.7309
             12        34.8366        8.95167         33.817        6.51988        33.2906        4.29909        32.9948        2.14047         32.856
             13        37.3663        9.75216        36.2176        7.08059        35.5913        4.65407        35.2385        2.31299        35.0741
             14        39.9688        10.5676        38.7092        7.66131        37.9869        5.02414        37.5765        2.49326        37.3858
             15        42.6427        11.3943        41.2894        8.25918        40.4764        5.40787        40.0088         2.6807        39.7915
             16        45.3871        12.2288        43.9558        8.87141        43.0587        5.80372        42.5352        2.87468        42.2911
             17        48.2017        13.0686        46.7061        9.49533        45.7322        6.21013         45.155        3.07449        44.8846
             18        51.0862        13.9113        49.5384        10.1284        48.4955        6.62552        47.8674        3.27944        47.5715
             19        54.0407        14.7552        52.4509        10.7684        51.3471        7.04833        50.6714        3.48879        50.3511
             20        57.0654        15.5989        55.4423        11.4132        54.2854        7.47706         53.566        3.70181        53.2226
             21        60.1604        16.4415        58.5111         12.061        57.3087        7.91028        56.5498        3.91779         56.185
             22        63.3261         17.282        61.6563        12.7102        60.4155        8.34666        59.6214        4.13602        59.2369
             23        66.5627          18.12        64.8768        13.3595        63.6044          8.785        62.7793        4.35587        62.3772
             24        69.8702        18.9551        68.1719        14.0077        66.8737        9.22422        66.0221        4.57672        65.6043
             25        73.2489        19.7871        71.5407        14.6541         70.222        9.66337         69.348        4.79802        68.9165
             26        76.6986        20.6161        74.9824        15.2978         73.648        10.1016        72.7555         5.0193        72.3124
             27        80.2193        21.4418        78.4965        15.9384        77.1502        10.5384        76.2429        5.24012        75.7901
             28        83.8108        22.2646        82.0822        16.5755        80.7273         10.973        79.8085        5.46012        79.3478
             29        87.4727        23.0844        85.7388         17.209         84.378        11.4052        83.4506        5.67901        82.9837
             30        91.2045        23.9014        89.4655        17.8388        88.1009        11.8346        87.1675        5.89655         86.696
             31        95.0057        24.7159        93.2616        18.4648        91.8947         12.261        90.9575        6.11259        90.4828
             32        98.8756        25.5281        97.1262        19.0872        95.7582        12.6843        94.8189          6.327        94.3422
             33        102.813         26.338        101.058        19.7061        99.6899        13.1046          98.75        6.53972        98.2722
             34        106.818         27.146        105.057        20.3218        103.689        13.5218        102.749        6.75075        102.271
             35        110.888        27.9523        109.121        20.9344        107.753        13.9362        106.814        6.96009        106.337
             36        115.023         28.757        113.249        21.5443        111.881        14.3478        110.944        7.16782        110.468
             37        119.221        29.5603         117.44        22.1516        116.071        14.7569        115.136        7.37401        114.661
             38         123.48        30.3625        121.692        22.7568        120.322        15.1636         119.39        7.57879        118.916
             39          127.8        31.1636        126.003        23.3601        124.633        15.5684        123.702        7.78227        123.229
             40        132.178        31.9639        130.373        23.9617            129        15.9713         128.07        7.98459          127.6
             41        136.612        32.7636        134.798         24.562        133.423        16.3726        132.494        8.18591        132.025
             42        141.101        33.5626        139.277        25.1611        137.899        16.7727        136.971        8.38636        136.502
             43        145.642        34.3612        143.809        25.7594        142.426        17.1717        141.497        8.58609        141.029
             44        150.233        35.1596        148.389         26.357        147.002        17.5699        146.072        8.78524        145.604
             45        154.871        35.9577        153.017        26.9541        151.624        17.9674        150.692        8.98395        150.225
             46        159.554        36.7557        157.688         27.551         156.29        18.3645        155.355        9.18233        154.887
             47        164.279        37.5536        162.401        28.1477        160.995        18.7614        160.058        9.38051        159.589
             48        169.042        38.3515        167.152        28.7444        165.739        19.1582        164.798        9.57856        164.327
             49         173.84        39.1495        171.939        29.3411        170.516         19.555         169.57        9.77659        169.098
             50         178.67        39.9476        176.756        29.9379        175.324        19.9518        174.373        9.97463        173.898
             51        183.528        40.7457        181.601        30.5349        180.159        20.3488        179.201        10.1728        178.723
             52         188.41        41.5438        186.469         31.132        185.016        20.7459        184.051         10.371         183.57
             53        193.311         42.342        191.355        31.7291        189.892        21.1432        188.919        10.5693        188.434
             54        198.226        43.1401        196.256        32.3263         194.78        21.5405        193.798        10.7677        193.309
             55        203.151        43.9381        201.165        32.9232        199.676        21.9378        198.685        10.9661        198.191
             56        208.079        44.7357        206.078        33.5198        204.575        22.3348        203.573        11.1644        203.074
             57        213.004        45.5329        210.987        34.1157        209.469        22.7314        208.456        11.3625        207.951
             58         217.92        46.3293        215.887        34.7107        214.353        23.1272        213.328        11.5604        212.817
             59         222.82        47.1249         220.77        35.3043         219.22        23.5219        218.181        11.7577        217.663
             60        227.695        47.9193        225.628         35.896        224.061         23.915        223.008        11.9542        222.482
             61        232.537        48.7121        230.453        36.4854        228.868         24.306          227.8        12.1496        227.265
             62        237.336        49.5031        235.235        37.0717        233.632        24.6941        232.548        12.3436        232.003
             63        242.081        50.2917        239.964        37.6544        238.343        25.0787        237.242        12.5357        236.687
             64        246.763        51.0778        244.629        38.2326        242.991        25.4589        241.871        12.7253        241.305
             65        251.366        51.8607        249.217        38.8055        247.562        25.8336        246.425        12.9119        245.847
             66        255.879        52.6402        253.716        39.3723        252.046        26.2019         250.89        13.0948        250.299
             67        260.285        53.4158         258.11        39.9322        256.427        26.5625        255.254        13.2729        254.649
             68        264.568        54.1872        262.383        40.4843         260.69        26.9142        259.503        13.4455        258.883
             69        268.709        54.9543        266.517        41.0281         264.82        27.2558         263.62        13.6114        262.984
             70        272.687        55.7169        270.492         41.563        268.797        27.5861        267.589        13.7693        266.938
             71        276.479        56.4752        274.287        42.0888        272.601         27.904        271.392         13.918        270.726
             72        280.062        57.2296        277.877        42.6057         276.21        28.2087         275.01         14.056        274.331
             73        283.408        57.9807        281.236        43.1144        279.601        28.4999        278.422        14.1818        277.733
             74        286.486        58.7295        284.336        43.6162        282.746        28.7776        281.604        14.2941        280.911
             75        289.264        59.4778        287.143        44.1134        285.616         29.043        284.532        14.3914        283.844
             76        291.706        60.2274        289.624        44.6092        288.178        29.2983        287.178        14.4731        286.507
             77        293.774        60.9813        291.739        45.1083        290.397        29.5472        289.511        14.5386        288.878
             78        295.424        61.7428        293.447        45.6167        292.232        29.7953        291.499        14.5888         290.93
             79        296.611        62.5162        294.701        46.1421        293.639        30.0508        293.103        14.6257        292.635
             80        297.286        63.3067        295.453        46.6944         294.57        30.3247        294.281        14.6535        293.965
             81        297.395        64.1204        295.649        47.2856        294.971        30.6317        294.987        14.6793        294.887
             82        296.882        64.9645        295.231        47.9302        294.785        30.9906        295.166        14.7144        295.368
             83        295.686         65.847        294.137        48.6452        293.946        31.4252        294.759        14.7751        295.368
             84        293.744        66.7772          292.3        49.4503        292.385        31.9645        293.696        14.8849        294.844
             85        290.988        67.7654        289.652        50.3682        290.027        32.6437          291.9         15.076        293.748
             86        287.346        68.8229        286.118         51.424        286.792        33.5043        289.283        15.3918         292.02
             87        282.747        69.9619        281.622        52.6458        282.592        34.5942        285.745        15.8893        289.589
             88        277.112        71.1955        276.085        54.0638        277.338        35.9681        281.176        16.6417         286.37
             89        270.363        72.5378        269.423        55.7102        270.934        37.6863        275.454        17.7412        282.254
             90         262.42        74.0034        261.555         57.619        263.284        39.8146        268.446        19.3012        277.106
             91          253.2        75.6079        252.395        59.8248        254.288        42.4222         260.01        21.4583        270.755
             92        242.621        77.3671        241.861         62.363        243.849        45.5806        249.995        24.3726        262.983
             93        230.601        79.2978        229.868        65.2681        231.868        49.3602        238.249        28.2266        253.513
             94        217.058        81.4173        216.338        68.5739        218.254        53.8283        224.623        33.2203        241.995
             95        201.911        83.7438        201.191        72.3121        202.919        59.0453        208.974        39.5626        227.988
             96        185.084        86.2964        184.353        76.5121        185.784        65.0617        191.181        47.4567        210.944
             97        166.504        89.0956        165.757        81.2003         166.78        71.9147        171.148        57.0774        190.183
             98        146.103        92.1633        145.339        86.4002        145.847        79.6263        148.815        68.5389        164.878
             99        123.819        95.5238        123.039        92.1318        122.939        88.2014        124.168        81.8492        134.032
            100        99.6008        99.2032        98.8072        98.4127        98.0199        97.6286        97.2388        96.8507         96.464